50 40
0 37 28 80 Knife Ω
1 27 33 80 Knife Ω
2 8 12 80 Knife Ω
3 3 6 80 Knife Ω
4 31 7 100 Knife μ
5 20 33 100 Knife Θ
6 6 20 140 Knife Σ
7 24 35 140 Knife Σ
8 17 20 100 Knife Θ
9 34 2 140 Knife Σ
10 25 29 80 Knife Ω
11 27 7 100 Knife Θ
12 29 12 140 Knife Σ
13 24 25 140 Knife Σ
14 6 7 140 Knife Σ
15 14 33 140 Knife Σ
16 6 23 90 Knife Λ
17 21 31 140 Knife Σ
18 6 12 100 Knife Θ
19 32 24 100 Knife Θ
20 30 25 100 Knife Θ
21 35 10 100 Knife μ
22 35 21 100 Knife Θ
23 20 16 90 Knife Λ
24 32 36 140 Knife Σ
25 38 18 140 Knife Σ
26 33 10 140 Knife Σ
27 38 13 140 Knife Σ
28 8 10 80 Knife Ω
29 8 17 90 Knife Λ
30 24 6 100 Knife Θ
31 33 7 100 Knife Θ
32 35 11 140 Knife Σ
33 32 26 100 Knife Θ
34 11 15 100 Knife Θ
35 26 19 100 Knife Θ
36 10 2 80 Knife Ω
37 13 26 140 Knife Σ
38 29 3 100 Knife μ
39 20 14 140 Knife Σ
40 26 27 90 Knife Λ
41 8 24 90 Knife Λ
42 25 21 140 Knife Σ
43 17 33 80 Knife Ω
44 13 37 90 Knife Λ
45 33 30 90 Knife Λ
46 1 26 90 Knife Λ
47 4 20 80 Knife Ω
48 36 31 100 Knife Θ
49 15 4 90 Knife Λ
75
SniperRifle 16 14
Handgun 4 2
SniperRifle 9 22
SniperRifle 29 30
Shotgun 8 38
Shotgun 38 33
Handgun 12 10
Shotgun 24 17
Handgun 31 21
Rifle 31 34
Handgun 4 4
Shotgun 2 36
Shotgun 12 33
SMG 20 28
Shotgun 18 27
Shotgun 15 26
SMG 4 34
Handgun 35 4
Handgun 2 21
SMG 35 7
SMG 35 19
Rifle 1 34
Rifle 17 25
Shotgun 11 7
SniperRifle 22 24
Handgun 18 12
SniperRifle 14 22
Handgun 20 10
SMG 15 11
Shotgun 31 32
SniperRifle 32 16
Handgun 23 27
Shotgun 17 38
Shotgun 20 26
Handgun 7 29
SniperRifle 17 1
Handgun 38 35
SniperRifle 12 20
Handgun 18 36
SniperRifle 9 4
Handgun 20 37
Shotgun 24 1
Handgun 37 8
SniperRifle 32 38
Shotgun 37 24
Handgun 10 36
Handgun 17 3
SMG 14 31
Handgun 5 38
Shotgun 29 34
Shotgun 16 8
Handgun 30 17
Rifle 6 10
Shotgun 37 26
SniperRifle 6 5
Rifle 27 12
Handgun 1 30
Rifle 35 36
SniperRifle 6 16
Rifle 31 9
Shotgun 29 20
SniperRifle 38 16
SniperRifle 23 13
Handgun 26 16
Shotgun 1 8
Handgun 29 15
Shotgun 16 30
Handgun 1 17
Handgun 25 4
SniperRifle 14 20
SMG 23 4
Handgun 1 38
SniperRifle 22 35
Rifle 34 13
SniperRifle 26 38
50
6 27
28 10
14 35
2 1
32 18
19 7
23 37
30 28
11 13
27 35
21 18
33 32
35 26
11 29
36 16
3 30
19 4
1 19
32 1
29 37
37 5
13 6
14 2
8 27
35 34
12 1
21 20
37 22
31 12
11 22
20 1
23 8
20 23
3 14
29 8
4 11
37 2
26 24
32 28
28 24
25 10
25 32
27 31
11 27
16 18
30 23
10 11
1 14
33 34
3 25
2 2 2 2 2 2 2 2 2 2 2 2 2 2 2 2 2 2 2 2 2 2 2 2 2 2 1 1 1 1 1 1 1 1 1 1 0 0 0 0
1 1 1 1 1 1 1 1 1 1 1 1 1 2 2 2 2 2 2 2 2 2 2 2 2 2 2 2 2 2 1 1 1 1 1 1 1 0 0 0
1 1 1 1 1 1 1 1 1 1 1 1 1 2 2 2 2 2 2 2 2 2 2 2 2 2 2 2 2 2 2 2 1 1 1 1 1 1 0 0
1 1 1 1 1 1 1 1 1 1 1 1 2 2 2 2 2 2 2 2 2 2 2 2 2 2 2 2 2 2 2 2 2 1 1 1 1 1 1 0
1 1 1 1 1 1 1 1 1 1 1 1 2 2 2 2 2 2 2 2 2 2 2 2 2 2 2 2 2 2 2 2 2 2 1 1 1 1 1 1
1 1 1 1 1 1 1 1 1 1 1 1 2 2 2 2 2 2 2 2 3 3 3 3 3 3 3 3 3 3 2 2 2 2 2 1 1 1 1 1
0 0 0 1 1 1 1 1 1 1 1 2 2 2 2 2 2 3 3 3 3 3 3 3 3 3 3 3 3 3 3 3 2 2 2 2 2 1 1 1
0 0 0 0 0 1 1 1 1 1 1 2 2 2 2 2 3 3 3 3 3 3 3 3 3 3 3 3 3 3 3 3 3 2 2 2 2 2 1 1
0 0 0 0 0 1 1 1 1 1 1 2 2 2 2 3 3 3 3 3 3 3 3 3 3 3 3 3 3 3 3 3 3 3 2 2 2 2 2 2
0 0 0 0 0 1 1 1 1 1 2 2 2 2 3 3 3 3 3 3 3 3 3 3 3 3 3 3 3 3 3 3 3 3 3 3 2 2 2 2
0 0 0 0 0 1 1 1 1 1 2 2 2 2 3 3 3 3 3 3 3 3 3 3 3 3 3 3 3 3 3 3 3 3 3 3 3 2 2 2
0 0 0 0 1 1 1 1 1 2 2 2 2 3 3 3 3 3 3 3 3 3 3 3 3 3 3 3 3 3 3 3 3 3 3 3 3 3 2 2
0 0 0 1 1 1 1 1 2 2 2 2 3 3 3 3 3 3 3 3 3 3 3 3 3 3 3 3 3 3 3 3 3 3 3 3 3 3 3 2
0 0 1 1 1 1 1 1 2 2 2 2 3 3 3 3 3 3 3 3 3 3 3 3 3 3 3 3 3 3 3 3 3 3 3 3 3 3 3 3
0 1 1 1 1 1 1 2 2 2 2 3 3 3 3 3 3 3 3 3 3 3 3 3 3 3 3 3 3 3 3 3 3 3 3 3 3 3 3 3
1 1 1 1 1 1 2 2 2 2 3 3 3 3 3 3 3 3 3 3 3 3 3 3 3 3 3 3 3 3 3 3 3 3 3 3 3 3 3 3
1 1 1 1 1 2 2 2 2 2 3 3 3 3 3 3 3 3 3 3 3 3 3 3 3 3 3 3 3 3 3 3 3 3 3 3 3 3 3 3
1 1 1 1 2 2 2 2 2 3 3 3 3 3 3 3 3 3 3 3 3 3 3 3 3 3 3 3 3 3 3 3 3 3 3 3 3 3 3 3
1 1 1 2 2 2 2 2 3 3 3 3 3 3 3 3 3 3 3 3 3 3 3 3 3 3 3 3 3 3 3 3 3 3 3 3 3 3 3 3
1 1 2 2 2 2 2 2 3 3 3 3 3 3 3 3 3 3 3 3 3 3 3 3 3 3 3 3 3 3 3 3 3 3 3 3 3 3 3 3
1 1 2 2 2 2 2 3 3 3 3 3 3 3 3 3 3 3 3 3 3 3 3 3 3 3 3 3 3 3 3 3 3 3 3 3 3 2 2 2
1 2 2 2 2 2 3 3 3 3 3 3 3 3 3 3 3 3 3 3 3 3 2 2 2 2 2 2 2 2 2 2 2 2 2 2 2 2 2 2
1 2 2 2 2 2 3 3 3 3 3 3 3 3 3 3 3 3 3 2 2 2 2 2 2 2 2 2 2 2 2 2 2 2 2 2 2 2 2 2
1 2 2 2 2 2 3 3 3 3 3 3 3 3 3 3 3 2 2 2 2 2 2 2 2 2 2 2 2 2 2 2 2 2 2 2 2 2 2 2
1 2 2 2 2 2 3 3 3 3 3 3 3 3 3 3 2 2 2 2 2 2 2 2 2 2 2 2 2 2 2 2 2 2 2 2 2 2 2 2
2 2 2 2 2 2 3 3 3 3 3 3 3 3 3 2 2 2 2 2 2 2 2 2 2 2 2 2 2 2 2 2 2 2 2 2 2 2 2 2
2 2 2 2 2 2 3 3 3 3 3 3 3 3 2 2 2 2 2 2 2 1 1 1 1 1 1 1 1 1 1 1 1 1 1 1 1 1 1 1
2 2 2 2 2 2 3 3 3 3 3 3 3 2 2 2 2 2 2 1 1 1 1 1 1 1 1 1 1 1 1 1 1 1 1 1 1 1 1 1
2 2 2 2 2 2 3 3 3 3 3 3 2 2 2 2 2 2 1 1 1 1 1 1 1 1 1 1 1 1 1 1 1 1 1 1 1 1 1 1
2 2 2 2 2 2 2 3 3 3 3 2 2 2 2 2 2 2 1 1 1 1 1 1 1 1 1 1 1 1 1 1 1 1 1 1 1 1 1 1
2 2 2 2 2 2 2 2 3 3 2 2 2 2 2 2 2 1 1 1 1 1 1 1 1 1 1 1 1 1 1 1 1 1 1 1 1 1 1 1
2 2 2 2 2 2 2 2 2 2 2 2 2 2 2 2 1 1 1 1 1 1 1 0 0 0 0 0 0 0 0 0 0 0 0 0 0 0 0 1
2 2 2 2 2 2 2 2 2 2 2 2 2 2 2 2 1 1 1 1 1 1 0 0 0 0 0 0 0 0 0 0 0 0 0 0 0 0 0 0
2 2 2 2 2 2 2 2 2 2 2 2 2 2 2 1 1 1 1 1 1 0 0 0 0 0 0 0 0 0 0 0 0 0 0 0 0 0 0 0
2 2 2 2 2 2 2 2 2 2 2 2 2 2 2 1 1 1 1 1 1 0 0 0 0 0 0 0 0 0 0 0 0 0 0 0 0 0 0 0
2 2 2 2 2 2 2 2 2 2 2 2 2 2 1 1 1 1 1 1 1 0 0 0 0 0 0 0 0 0 0 0 0 0 0 0 0 0 0 0
2 2 2 2 2 2 2 2 2 2 2 2 2 2 1 1 1 1 1 1 1 1 0 0 0 0 0 0 0 0 0 0 0 0 0 0 0 0 0 0
2 2 2 2 2 2 2 2 2 2 2 2 2 1 1 1 1 1 1 1 1 1 1 0 0 0 0 0 0 0 0 0 0 0 0 0 0 0 0 0
2 1 1 1 1 1 1 2 2 2 2 2 1 1 1 1 1 1 1 1 1 1 1 1 0 0 0 0 0 0 0 0 0 0 0 0 0 0 0 1
2 1 1 1 1 1 1 1 1 1 1 1 1 1 1 1 1 1 1 1 1 1 1 1 1 0 0 0 0 0 0 0 0 0 0 0 0 0 0 1
