16 19
2 8 9 115 SniperRifle Σ
3 15 5 65 SniperRifle Ω
4 1 11 40 Rifle Θ
6 2 13 35 Knife Ω
7 5 15 60 SMG Θ
8 12 13 55 Knife Θ
14 2 9 95 Handgun Σ
15 1 7 72 Shotgun μ
16 12 17 4 Knife μ
20 7 7 100 Shotgun Θ
22 1 10 10 Knife Σ
23 9 17 40 Handgun Θ
24 4 12 36 Knife Λ
27 1 16 40 Knife Σ
28 11 17 71 Knife μ
29 14 16 122 Handgun Σ
4
Rifle 16 11
Shotgun 13 3
Handgun 1 1
Handgun 11 3
1
1 17
4 4 2 2 2 2 3 3 3 3 3 3 3 3 3 2 2 4 4
4 2 2 2 2 2 3 3 3 3 3 3 3 3 3 3 2 2 4
2 2 2 2 2 2 3 3 3 3 3 3 3 3 3 3 3 2 2
2 2 2 2 2 2 3 3 3 3 3 3 3 3 3 3 3 3 2
2 2 2 2 2 2 3 3 3 3 3 3 3 3 3 3 3 3 3
2 2 2 2 2 2 3 3 3 3 3 3 3 3 3 3 3 3 3
2 2 2 2 2 2 2 3 3 3 3 3 3 3 3 3 3 3 3
2 2 2 2 2 2 2 2 3 3 3 3 3 3 3 3 3 3 3
2 2 2 2 2 2 2 2 2 3 3 3 3 3 3 3 3 3 3
2 2 2 2 2 2 2 2 2 2 2 2 2 3 3 3 3 3 3
2 2 2 2 2 2 2 2 2 2 2 2 2 2 2 2 2 2 2
2 2 2 2 2 2 2 2 2 2 2 2 2 2 2 2 2 2 2
2 2 2 2 2 2 2 2 2 2 2 2 2 2 2 2 2 2 2
2 1 1 1 1 1 1 1 1 1 1 1 1 1 1 2 2 2 2
2 1 1 1 1 1 1 1 1 1 1 1 1 1 1 1 1 1 2
2 1 1 1 1 1 1 1 1 1 1 1 1 1 1 1 1 1 1
2 1 1 1 1 1 1 1 1 0 0 0 0 0 0 1 1 1 1
4 1 1 1 1 1 1 0 0 0 0 0 0 0 0 0 0 1 4
4 4 1 1 1 1 0 0 0 0 0 0 0 0 0 0 0 4 4
