27 30
0 18 22 80 Handgun A
1 22 28 90 Shotgun R
2 7 15 62 Knife A
3 23 22 140 Shotgun G
4 27 2 85 Knife M
5 17 24 100 SMG S
6 23 9 140 Shotgun G
7 7 25 100 SniperRifle M
8 7 4 100 Knife M
9 3 17 90 Knife R
10 10 7 62 Knife A
11 12 21 65 Knife A
12 6 15 140 Knife G
13 17 13 82 Knife M
14 27 28 100 SniperRifle M
15 25 4 90 Shotgun R
16 9 7 140 Knife G
17 27 1 90 Knife R
18 18 5 80 Knife A
19 13 3 140 Knife G
20 11 11 100 SMG S
21 11 21 90 Knife R
22 18 13 140 Knife G
23 3 16 65 Knife A
24 11 20 100 Knife S
25 2 17 90 Knife R
26 24 25 100 Shotgun M
30
SniperRifle 20 10
Handgun 17 16
Handgun 25 15
Shotgun 3 11
SniperRifle 12 28
Rifle 18 27
Handgun 14 16
Handgun 20 14
Shotgun 8 10
Handgun 7 5
SniperRifle 17 5
Handgun 1 13
Handgun 5 26
Handgun 10 27
Rifle 21 18
Handgun 5 13
Handgun 19 7
Handgun 5 4
Handgun 1 6
Handgun 1 28
Shotgun 12 14
Shotgun 26 19
Handgun 7 19
Handgun 1 26
Shotgun 14 19
Shotgun 15 28
Shotgun 26 12
Shotgun 5 8
Handgun 5 22
Handgun 13 1
27
12 16
1 2
22 16
23 2
25 1
25 8
20 23
19 25
4 20
10 2
19 1
12 26
2 23
16 14
28 17
21 20
7 8
5 2
10 5
14 8
17 8
25 6
24 11
15 1
11 24
8 28
14 3
2 1 1 1 1 1 0 0 0 0 0 0 0 0 0 1 1 1 1 1 1 1 1 1 1 2 2 2 2 2
2 1 1 1 1 1 0 0 0 0 0 0 0 0 0 0 1 1 1 1 1 1 1 1 1 1 1 1 1 1
2 1 1 1 1 1 0 0 0 0 0 0 0 0 0 0 0 1 1 1 1 1 1 1 1 1 1 1 1 1
2 1 1 1 1 1 0 0 0 0 0 0 0 0 0 0 0 0 1 1 1 1 1 1 1 1 1 1 1 1
2 1 1 1 1 1 1 0 0 0 0 0 0 0 0 0 0 0 0 1 1 1 1 1 1 1 1 1 1 1
2 2 1 1 1 1 1 0 0 0 0 0 0 0 0 0 0 0 0 1 1 1 1 1 1 1 1 1 1 1
2 2 1 1 1 1 1 1 0 0 0 0 0 0 0 0 0 0 0 1 1 1 1 1 1 1 1 1 1 1
2 2 2 1 1 1 1 1 1 1 0 0 0 0 0 0 0 0 1 1 1 1 1 1 1 1 1 1 1 1
2 2 2 2 1 1 1 1 1 1 1 1 1 0 0 0 1 1 1 1 1 1 1 1 1 1 1 1 1 1
2 2 2 2 2 2 1 1 1 1 1 1 1 1 1 1 1 1 1 1 1 1 1 1 1 1 1 1 1 1
2 2 2 2 2 2 2 1 1 1 1 1 1 1 1 1 1 1 1 1 1 1 1 1 1 1 1 1 1 1
3 2 2 2 2 2 2 2 2 1 1 1 1 1 1 1 1 1 1 1 1 1 1 1 1 1 1 1 1 1
3 3 2 2 2 2 2 2 2 2 2 1 1 1 1 1 1 1 1 1 1 1 1 1 1 1 1 1 1 2
3 3 3 2 2 2 2 2 2 2 2 2 2 2 2 2 2 2 2 2 2 2 2 2 2 2 2 2 2 2
3 3 3 3 3 2 2 2 2 2 2 2 2 2 2 2 2 2 2 2 2 2 2 2 2 2 2 2 2 2
3 3 3 3 3 3 2 2 2 2 2 2 2 2 2 2 2 2 2 2 2 2 2 2 2 2 2 2 2 2
3 3 3 3 3 3 3 2 2 2 2 2 2 2 2 2 2 2 2 2 2 2 2 2 2 2 2 2 2 2
3 3 3 3 3 3 3 2 2 2 2 2 2 2 2 2 2 2 2 2 2 2 2 2 2 2 2 2 2 2
3 3 3 3 3 3 3 2 2 2 2 2 2 2 2 2 2 2 2 2 2 2 2 2 2 2 2 2 2 2
3 3 3 3 3 2 2 2 2 2 2 2 2 2 2 2 2 2 2 2 2 2 2 2 2 2 2 2 2 2
2 2 2 2 2 2 2 2 2 2 2 2 2 2 2 2 2 2 2 2 2 2 2 2 2 2 2 2 2 2
2 2 2 2 2 2 2 2 2 2 2 2 2 2 2 2 2 2 2 2 2 2 2 2 2 2 2 2 2 2
2 2 2 2 2 2 2 2 2 2 2 2 2 2 2 2 2 2 2 2 2 2 2 2 2 2 2 2 2 2
2 2 2 2 2 2 2 2 2 2 2 2 2 2 2 2 2 2 2 2 2 2 2 2 2 2 2 2 2 2
2 2 2 2 2 2 2 2 2 2 2 2 2 2 2 2 2 2 2 2 2 2 2 2 2 2 2 2 2 2
2 2 2 2 2 2 2 2 2 2 2 2 2 2 2 2 2 2 2 2 2 2 2 2 2 2 2 2 2 2
1 1 1 1 1 1 1 1 1 1 1 1 1 1 1 1 1 1 1 1 1 1 1 1 1 1 1 1 1 1
1 1 1 1 1 1 1 1 1 1 1 1 1 1 1 1 1 1 1 1 1 1 1 1 1 1 1 1 1 1
1 1 1 1 1 1 1 1 1 1 1 1 1 1 1 1 1 1 1 1 1 1 1 1 1 1 1 1 1 1
1 1 1 1 1 1 1 1 1 1 1 1 1 1 1 1 1 1 1 1 1 1 1 1 1 1 1 1 1 1
