31 33
0 27 14 80 Rifle A
1 4 12 70 Knife S
3 7 19 10 Handgun S
4 20 22 50 Knife M
5 5 6 140 SniperRifle G
6 30 16 140 SniperRifle G
7 20 7 100 Shotgun M
8 13 31 100 SMG S
9 20 21 100 Shotgun S
10 13 25 50 Knife A
11 13 10 70 Knife S
12 5 19 55 Shotgun A
13 20 23 95 Knife G
14 4 14 90 Shotgun R
15 4 10 50 Handgun M
16 20 25 100 Knife S
17 23 20 100 Handgun S
18 30 13 60 Knife R
19 13 20 70 Shotgun M
20 17 13 74 SMG M
21 14 20 64 Knife M
22 29 16 70 Knife R
23 12 25 110 Handgun G
24 20 5 80 Knife A
25 9 13 5 Handgun S
26 8 11 54 Rifle M
27 5 12 15 Knife A
29 29 24 50 Rifle S
30 25 5 80 SMG A
31 5 8 90 Handgun R
32 30 24 45 Handgun R
24
Shotgun 27 12
Handgun 1 31
Shotgun 26 9
Handgun 25 7
SMG 29 2
Handgun 29 30
Shotgun 14 8
Rifle 26 22
Handgun 10 11
Rifle 24 18
Shotgun 18 7
Handgun 19 31
Handgun 14 22
Handgun 31 27
Handgun 31 18
Shotgun 1 3
Handgun 15 29
Handgun 30 6
Rifle 1 22
Shotgun 2 16
SMG 4 6
Handgun 13 3
Handgun 7 24
Rifle 31 2
32
31 4
13 5
26 28
2 6
6 29
10 7
1 26
31 29
17 23
22 16
17 4
28 8
26 31
22 4
1 12
8 15
9 4
13 27
11 15
31 8
16 7
17 19
8 30
27 16
25 16
21 1
11 2
29 27
3 27
16 1
11 22
31 31
2 1 1 1 1 1 1 1 1 1 1 0 0 0 0 0 0 0 0 0 1 1 1 1 1 2 2 2 2 2 2 3 3
2 2 2 2 2 1 1 1 1 1 1 1 0 0 0 0 0 0 0 0 1 1 1 1 1 2 2 2 2 2 2 3 3
2 2 2 2 2 2 2 1 1 1 1 1 1 0 0 0 0 0 0 0 1 1 1 1 1 2 2 2 2 2 2 3 3
2 2 2 2 2 2 2 2 1 1 1 1 1 1 0 0 0 0 0 1 1 1 1 1 1 2 2 2 2 2 2 3 3
2 2 2 2 2 2 2 2 2 1 1 1 1 1 1 1 1 1 1 1 1 1 1 1 1 2 2 2 2 2 2 3 3
2 2 2 2 2 2 2 2 2 2 1 1 1 1 1 1 1 1 1 1 1 1 1 1 2 2 2 2 2 2 3 3 3
3 3 3 3 3 2 2 2 2 2 2 1 1 1 1 1 1 1 1 1 1 1 1 1 2 2 2 2 2 2 3 3 3
3 3 3 3 3 3 2 2 2 2 2 2 2 1 1 1 1 1 1 1 1 1 2 2 2 2 2 2 2 3 3 3 3
3 3 3 3 3 3 3 3 2 2 2 2 2 2 2 1 1 1 1 1 1 2 2 2 2 2 2 2 3 3 3 3 3
3 3 3 3 3 3 3 3 3 2 2 2 2 2 2 2 2 2 2 2 2 2 2 2 2 2 2 3 3 3 3 3 3
3 3 3 3 3 3 3 3 3 3 3 2 2 2 2 2 2 2 2 2 2 2 2 2 2 2 3 3 3 3 3 3 3
3 3 3 3 3 3 3 3 3 3 3 3 2 2 2 2 2 2 2 2 2 2 2 2 2 3 3 3 3 3 3 3 3
3 3 3 3 3 3 3 3 3 3 3 3 3 3 3 2 2 2 2 2 2 2 2 2 3 3 3 3 3 3 3 3 3
3 3 3 3 3 3 3 3 3 3 3 3 3 3 3 3 3 3 2 2 2 3 3 3 3 3 3 3 3 3 3 3 3
3 3 3 3 3 3 3 3 3 3 3 3 3 3 3 3 3 3 3 3 3 3 3 3 3 3 3 3 3 3 3 3 3
2 3 3 3 3 3 3 3 3 3 3 3 3 3 3 3 3 3 3 3 3 3 3 3 3 3 3 3 3 3 3 3 3
2 2 3 3 3 3 3 3 3 3 3 3 3 3 3 3 3 3 3 3 3 3 3 3 3 3 3 3 3 3 3 3 3
2 2 2 3 3 3 3 3 3 3 3 3 3 3 3 3 3 3 3 3 3 3 3 3 3 3 3 3 3 3 3 3 3
2 2 2 3 3 3 3 3 3 3 3 3 3 3 3 3 3 3 3 3 3 3 3 3 3 3 3 3 3 3 3 3 2
2 2 2 2 3 3 3 3 3 3 3 3 3 3 3 3 3 3 3 3 3 3 3 3 3 3 3 3 3 3 3 2 2
2 2 2 2 2 3 3 3 3 3 3 3 3 3 3 3 3 3 3 3 3 3 2 2 2 2 2 2 2 2 2 2 2
2 2 2 2 2 3 3 3 3 3 3 3 3 3 3 3 3 3 3 3 2 2 2 2 2 2 2 2 2 2 2 2 2
2 2 2 2 2 3 3 3 3 3 3 3 3 3 3 3 3 3 2 2 2 2 2 2 2 2 2 2 2 2 2 2 2
2 2 2 2 2 2 3 3 3 3 3 3 3 3 3 3 3 2 2 2 2 2 2 2 2 2 2 2 2 2 2 2 2
2 2 2 2 2 2 3 3 3 3 3 3 3 3 3 3 2 2 2 2 2 2 2 2 2 2 2 2 2 2 2 2 2
2 2 2 2 2 2 3 3 3 3 3 3 3 3 3 2 2 2 2 2 2 2 2 2 2 2 2 2 2 2 2 2 2
2 2 2 2 2 2 3 3 3 3 3 3 3 3 2 2 2 2 2 2 2 1 1 1 1 1 1 1 1 1 1 1 1
2 2 2 2 2 2 3 3 3 3 3 3 3 2 2 2 2 2 2 1 1 1 1 1 1 1 1 1 1 1 1 1 1
2 2 2 2 2 2 3 3 3 3 3 3 3 2 2 2 2 2 1 1 1 1 1 1 1 1 1 1 1 1 1 1 1
2 2 2 2 2 2 3 3 3 3 3 3 2 2 2 2 2 1 1 1 1 1 1 1 1 1 1 1 1 1 1 1 1
2 2 2 2 2 3 3 3 3 3 3 2 2 2 2 2 1 1 1 1 1 0 0 0 0 0 0 0 0 0 0 1 1
2 2 2 2 2 3 3 3 3 3 3 2 2 2 2 1 1 1 1 1 0 0 0 0 0 0 0 0 0 0 0 0 0
2 2 2 2 3 3 3 3 3 3 2 2 2 2 2 1 1 1 1 0 0 0 0 0 0 0 0 0 0 0 0 0 0
